(Length-1 7
     (100)
     (140)
     (70)
     (80)
     (90)
     (20)
     (30)
)
(Length-2 32
     (100 140)
     (100 120)
     (100 70)
     (100 80)
     (100 90)
     (100 20)
     (100 30)
     (100 50)
     (140 120)
     (140 70)
     (140 80)
     (140 90)
     (140 20)
     (140 30)
     (140 50)
     (70 80)
     (70 90)
     (70 20)
     (70 30)
     (70 50)
     (80 90)
     (80 20)
     (80 30)
     (80 50)
     (80 10)
     (90 20)
     (90 30)
     (90 50)
     (20 30)
     (20 50)
     (20 10)
     (30 50)
)
(Length-3 70
     (100 140 70)
     (100 140 80)
     (100 140 90)
     (100 140 20)
     (100 140 30)
     (100 140 50)
     (100 140 120)
     (100 120 70)
     (100 120 80)
     (100 120 90)
     (100 120 20)
     (100 120 30)
     (100 120 50)
     (100 70 80)
     (100 70 90)
     (100 80 90)
     (100 70 20)
     (100 80 20)
     (100 90 20)
     (100 20 30)
     (100 20 50)
     (100 70 30)
     (100 80 30)
     (100 90 30)
     (100 30 50)
     (100 70 50)
     (100 80 50)
     (100 90 50)
     (140 120 70)
     (140 120 80)
     (140 120 90)
     (140 120 20)
     (140 120 30)
     (140 120 50)
     (140 70 80)
     (140 70 90)
     (140 80 90)
     (140 70 20)
     (140 80 20)
     (140 90 20)
     (140 20 30)
     (140 20 50)
     (140 70 30)
     (140 80 30)
     (140 90 30)
     (140 30 50)
     (140 70 50)
     (140 80 50)
     (140 90 50)
     (70 80 90)
     (70 80 20)
     (70 90 20)
     (70 20 30)
     (70 20 50)
     (70 80 30)
     (70 90 30)
     (70 30 50)
     (70 80 50)
     (70 90 50)
     (80 90 20)
     (80 20 30)
     (80 20 50)
     (80 90 30)
     (80 30 50)
     (80 90 50)
     (80 20 10)
     (90 20 30)
     (90 20 50)
     (90 30 50)
     (20 30 50)
)
(Length-4 106
     (100 140 70 80)
     (100 140 70 90)
     (100 140 80 90)
     (100 140 70 20)
     (100 140 80 20)
     (100 140 90 20)
     (100 140 20 30)
     (100 140 20 50)
     (100 140 70 30)
     (100 140 80 30)
     (100 140 90 30)
     (100 140 30 50)
     (100 140 70 50)
     (100 140 80 50)
     (100 140 90 50)
     (100 140 120 70)
     (100 140 120 80)
     (100 140 120 90)
     (100 140 120 20)
     (100 140 120 30)
     (100 140 120 50)
     (100 120 70 80)
     (100 120 70 90)
     (100 120 80 90)
     (100 120 70 20)
     (100 120 80 20)
     (100 120 90 20)
     (100 120 20 30)
     (100 120 20 50)
     (100 120 70 30)
     (100 120 80 30)
     (100 120 90 30)
     (100 120 30 50)
     (100 120 70 50)
     (100 120 80 50)
     (100 120 90 50)
     (100 70 80 90)
     (100 70 80 20)
     (100 70 90 20)
     (100 70 20 30)
     (100 70 20 50)
     (100 80 90 20)
     (100 80 20 30)
     (100 80 20 50)
     (100 90 20 30)
     (100 90 20 50)
     (100 20 30 50)
     (100 70 80 30)
     (100 70 90 30)
     (100 70 30 50)
     (100 80 90 30)
     (100 80 30 50)
     (100 90 30 50)
     (100 70 80 50)
     (100 70 90 50)
     (100 80 90 50)
     (140 120 70 80)
     (140 120 70 90)
     (140 120 80 90)
     (140 120 70 20)
     (140 120 80 20)
     (140 120 90 20)
     (140 120 20 30)
     (140 120 20 50)
     (140 120 70 30)
     (140 120 80 30)
     (140 120 90 30)
     (140 120 30 50)
     (140 120 70 50)
     (140 120 80 50)
     (140 120 90 50)
     (140 70 80 90)
     (140 70 80 20)
     (140 70 90 20)
     (140 70 20 30)
     (140 70 20 50)
     (140 80 90 20)
     (140 80 20 30)
     (140 80 20 50)
     (140 90 20 30)
     (140 90 20 50)
     (140 20 30 50)
     (140 70 80 30)
     (140 70 90 30)
     (140 70 30 50)
     (140 80 90 30)
     (140 80 30 50)
     (140 90 30 50)
     (140 70 80 50)
     (140 70 90 50)
     (140 80 90 50)
     (70 80 90 20)
     (70 80 20 30)
     (70 80 20 50)
     (70 90 20 30)
     (70 90 20 50)
     (70 20 30 50)
     (70 80 90 30)
     (70 80 30 50)
     (70 90 30 50)
     (70 80 90 50)
     (80 90 20 30)
     (80 90 20 50)
     (80 20 30 50)
     (80 90 30 50)
     (90 20 30 50)
)
(Length-5 111
     (100 140 70 80 90)
     (100 140 70 80 20)
     (100 140 70 90 20)
     (100 140 70 20 30)
     (100 140 70 20 50)
     (100 140 80 90 20)
     (100 140 80 20 30)
     (100 140 80 20 50)
     (100 140 90 20 30)
     (100 140 90 20 50)
     (100 140 20 30 50)
     (100 140 70 80 30)
     (100 140 70 90 30)
     (100 140 70 30 50)
     (100 140 80 90 30)
     (100 140 80 30 50)
     (100 140 90 30 50)
     (100 140 70 80 50)
     (100 140 70 90 50)
     (100 140 80 90 50)
     (100 140 120 70 80)
     (100 140 120 70 90)
     (100 140 120 80 90)
     (100 140 120 70 20)
     (100 140 120 80 20)
     (100 140 120 90 20)
     (100 140 120 20 30)
     (100 140 120 20 50)
     (100 140 120 70 30)
     (100 140 120 80 30)
     (100 140 120 90 30)
     (100 140 120 30 50)
     (100 140 120 70 50)
     (100 140 120 80 50)
     (100 140 120 90 50)
     (100 120 70 80 90)
     (100 120 70 80 20)
     (100 120 70 90 20)
     (100 120 70 20 30)
     (100 120 70 20 50)
     (100 120 80 90 20)
     (100 120 80 20 30)
     (100 120 80 20 50)
     (100 120 90 20 30)
     (100 120 90 20 50)
     (100 120 20 30 50)
     (100 120 70 80 30)
     (100 120 70 90 30)
     (100 120 70 30 50)
     (100 120 80 90 30)
     (100 120 80 30 50)
     (100 120 90 30 50)
     (100 120 70 80 50)
     (100 120 70 90 50)
     (100 120 80 90 50)
     (100 70 80 90 20)
     (100 70 80 20 30)
     (100 70 80 20 50)
     (100 70 90 20 30)
     (100 70 90 20 50)
     (100 70 20 30 50)
     (100 80 90 20 30)
     (100 80 90 20 50)
     (100 80 20 30 50)
     (100 90 20 30 50)
     (100 70 80 90 30)
     (100 70 80 30 50)
     (100 70 90 30 50)
     (100 80 90 30 50)
     (100 70 80 90 50)
     (140 120 70 80 90)
     (140 120 70 80 20)
     (140 120 70 90 20)
     (140 120 70 20 30)
     (140 120 70 20 50)
     (140 120 80 90 20)
     (140 120 80 20 30)
     (140 120 80 20 50)
     (140 120 90 20 30)
     (140 120 90 20 50)
     (140 120 20 30 50)
     (140 120 70 80 30)
     (140 120 70 90 30)
     (140 120 70 30 50)
     (140 120 80 90 30)
     (140 120 80 30 50)
     (140 120 90 30 50)
     (140 120 70 80 50)
     (140 120 70 90 50)
     (140 120 80 90 50)
     (140 70 80 90 20)
     (140 70 80 20 30)
     (140 70 80 20 50)
     (140 70 90 20 30)
     (140 70 90 20 50)
     (140 70 20 30 50)
     (140 80 90 20 30)
     (140 80 90 20 50)
     (140 80 20 30 50)
     (140 90 20 30 50)
     (140 70 80 90 30)
     (140 70 80 30 50)
     (140 70 90 30 50)
     (140 80 90 30 50)
     (140 70 80 90 50)
     (70 80 90 20 30)
     (70 80 90 20 50)
     (70 80 20 30 50)
     (70 90 20 30 50)
     (70 80 90 30 50)
     (80 90 20 30 50)
)
(Length-6 78
     (100 140 70 80 90 20)
     (100 140 70 80 20 30)
     (100 140 70 80 20 50)
     (100 140 70 90 20 30)
     (100 140 70 90 20 50)
     (100 140 70 20 30 50)
     (100 140 80 90 20 30)
     (100 140 80 90 20 50)
     (100 140 80 20 30 50)
     (100 140 90 20 30 50)
     (100 140 70 80 90 30)
     (100 140 70 80 30 50)
     (100 140 70 90 30 50)
     (100 140 80 90 30 50)
     (100 140 70 80 90 50)
     (100 140 120 70 80 90)
     (100 140 120 70 80 20)
     (100 140 120 70 90 20)
     (100 140 120 70 20 30)
     (100 140 120 70 20 50)
     (100 140 120 80 90 20)
     (100 140 120 80 20 30)
     (100 140 120 80 20 50)
     (100 140 120 90 20 30)
     (100 140 120 90 20 50)
     (100 140 120 20 30 50)
     (100 140 120 70 80 30)
     (100 140 120 70 90 30)
     (100 140 120 70 30 50)
     (100 140 120 80 90 30)
     (100 140 120 80 30 50)
     (100 140 120 90 30 50)
     (100 140 120 70 80 50)
     (100 140 120 70 90 50)
     (100 140 120 80 90 50)
     (100 120 70 80 90 20)
     (100 120 70 80 20 30)
     (100 120 70 80 20 50)
     (100 120 70 90 20 30)
     (100 120 70 90 20 50)
     (100 120 70 20 30 50)
     (100 120 80 90 20 30)
     (100 120 80 90 20 50)
     (100 120 80 20 30 50)
     (100 120 90 20 30 50)
     (100 120 70 80 90 30)
     (100 120 70 80 30 50)
     (100 120 70 90 30 50)
     (100 120 80 90 30 50)
     (100 120 70 80 90 50)
     (100 70 80 90 20 30)
     (100 70 80 90 20 50)
     (100 70 80 20 30 50)
     (100 70 90 20 30 50)
     (100 80 90 20 30 50)
     (100 70 80 90 30 50)
     (140 120 70 80 90 20)
     (140 120 70 80 20 30)
     (140 120 70 80 20 50)
     (140 120 70 90 20 30)
     (140 120 70 90 20 50)
     (140 120 70 20 30 50)
     (140 120 80 90 20 30)
     (140 120 80 90 20 50)
     (140 120 80 20 30 50)
     (140 120 90 20 30 50)
     (140 120 70 80 90 30)
     (140 120 70 80 30 50)
     (140 120 70 90 30 50)
     (140 120 80 90 30 50)
     (140 120 70 80 90 50)
     (140 70 80 90 20 30)
     (140 70 80 90 20 50)
     (140 70 80 20 30 50)
     (140 70 90 20 30 50)
     (140 80 90 20 30 50)
     (140 70 80 90 30 50)
     (70 80 90 20 30 50)
)
(Length-7 35
     (100 140 70 80 90 20 30)
     (100 140 70 80 90 20 50)
     (100 140 70 80 20 30 50)
     (100 140 70 90 20 30 50)
     (100 140 80 90 20 30 50)
     (100 140 70 80 90 30 50)
     (100 140 120 70 80 90 20)
     (100 140 120 70 80 20 30)
     (100 140 120 70 80 20 50)
     (100 140 120 70 90 20 30)
     (100 140 120 70 90 20 50)
     (100 140 120 70 20 30 50)
     (100 140 120 80 90 20 30)
     (100 140 120 80 90 20 50)
     (100 140 120 80 20 30 50)
     (100 140 120 90 20 30 50)
     (100 140 120 70 80 90 30)
     (100 140 120 70 80 30 50)
     (100 140 120 70 90 30 50)
     (100 140 120 80 90 30 50)
     (100 140 120 70 80 90 50)
     (100 120 70 80 90 20 30)
     (100 120 70 80 90 20 50)
     (100 120 70 80 20 30 50)
     (100 120 70 90 20 30 50)
     (100 120 80 90 20 30 50)
     (100 120 70 80 90 30 50)
     (100 70 80 90 20 30 50)
     (140 120 70 80 90 20 30)
     (140 120 70 80 90 20 50)
     (140 120 70 80 20 30 50)
     (140 120 70 90 20 30 50)
     (140 120 80 90 20 30 50)
     (140 120 70 80 90 30 50)
     (140 70 80 90 20 30 50)
)
(Length-8 9
     (100 140 70 80 90 20 30 50)
     (100 140 120 70 80 90 20 30)
     (100 140 120 70 80 90 20 50)
     (100 140 120 70 80 20 30 50)
     (100 140 120 70 90 20 30 50)
     (100 140 120 80 90 20 30 50)
     (100 140 120 70 80 90 30 50)
     (100 120 70 80 90 20 30 50)
     (140 120 70 80 90 20 30 50)
)
(Length-9 1
     (100 140 120 70 80 90 20 30 50)
)